food_code,food_name,energy_qy,water_qy,prot_qy,ntrfs_qy,ashs_qy,carbohydrate_qy,sugar_qy,fibtg_qy,aat19_qy,aae10a_qy,aane_qy,fafref_qy,faessf_qy,fasatf_qy,famsf_qy,fapuf_qy,clci_qy,irn_qy,mg_qy,phph_qy,ptss_qy,na_qy,zn_qy,cu_qy,mn_qy,se_qy,mo_qy,id_qy,rtnl_qy,catn_qy,vitd_qy,vite_qy,vitk1_qy,vtmn_b1_qy,vtmn_b2_qy,nacn_qy,pantac_qy,pyrxn_qy,biot_qy,fol_qy,vitb12_qy,vtmn_c_qy,chole_qy,nacl_qy,ref_qy
D064001,곱창전골(소고기),160.5,69.4,13.6,9.7,1.0,3.9,0.6,0.7,9476.5,4621.9,4632.2,6.0,0.9,1.7,3.2,0.9,20.7,1.6,20.3,97.3,193.0,268.9,2.4,0.0,0.1,8.5,1.9,0.6,17.7,594.6,0.0,0.5,45.1,0.0,0.0,2.6,0.0,0.0,1.2,19.1,0.5,5.2,30.3,0.6,0.7
D065012,버섯찌개(소고기),100.6,158.3,10.5,3.2,3.3,10.4,4.7,4.5,8602.8,3947.2,4656.4,3.0,0.3,1.0,1.6,0.3,36.4,1.9,25.9,151.2,538.0,688.7,2.3,0.2,0.3,14.1,4.3,0.9,8.8,603.5,0.0,0.8,22.0,0.0,0.2,4.6,0.9,0.1,4.1,51.1,0.3,19.6,20.2,1.7,2.6
D065014,비지찌개(소고기),243.8,124.3,14.3,13.9,2.6,14.5,1.2,2.0,9708.8,4707.3,5006.1,11.9,5.5,2.3,3.9,5.5,82.4,3.2,18.1,104.8,325.6,530.5,2.4,0.0,0.1,8.2,3.2,2.7,13.2,195.2,0.0,1.3,36.6,0.1,0.0,2.7,0.3,0.0,2.0,25.2,0.5,1.7,30.3,1.4,2.0
D064009,소고기전골,129.8,102.5,12.7,6.1,1.8,5.4,1.7,1.7,11106.9,5346.7,5761.4,5.9,1.1,1.6,3.0,1.1,47.3,1.1,31.0,109.4,249.4,357.8,2.7,0.0,0.3,7.3,12.3,0.7,13.2,150.7,0.0,0.3,13.7,0.0,0.0,2.9,0.1,0.0,1.0,26.4,0.5,7.2,30.3,0.9,3.0
D064010,소고기전골(고추장),163.2,114.4,14.2,6.8,2.7,11.5,4.1,2.9,12375.0,5891.3,6485.0,6.5,1.5,1.7,3.1,1.5,57.0,1.4,45.9,134.9,330.2,606.6,3.0,0.0,0.3,9.7,18.5,0.8,13.2,573.8,0.0,1.0,14.4,0.1,0.1,3.3,0.1,0.0,3.7,30.4,0.5,7.2,30.3,1.5,3.0
D062007,"소고기찌개(고추장, 감자)",205.2,120.2,18.1,7.2,3.6,16.3,1.8,3.2,16044.2,7577.7,8468.1,6.9,1.0,2.1,3.4,1.0,42.8,2.0,52.4,149.9,431.3,826.3,3.7,0.1,0.3,14.3,16.5,0.6,17.6,598.6,0.0,0.6,35.8,0.0,0.1,4.2,0.0,0.0,2.2,49.2,0.6,12.0,40.3,2.0,0.7
D062008,"소고기찌개(고추장, 두부)",134.6,69.0,11.1,4.7,1.4,12.2,2.6,3.4,9784.5,4548.5,5222.2,4.4,1.1,1.3,1.9,1.1,34.1,1.5,47.2,114.2,328.9,238.3,2.1,0.0,0.5,8.3,16.0,1.1,8.8,523.8,0.0,1.6,9.5,0.0,0.2,2.8,0.0,0.0,5.1,17.3,0.3,3.0,20.2,0.6,1.6
D063008,우거지된장찌개(소고기),122.8,111.4,12.2,4.6,3.4,8.2,1.6,5.0,8688.0,3998.9,3265.7,4.1,1.8,0.9,1.4,1.8,102.6,2.6,46.0,157.1,208.7,874.9,1.7,0.1,0.8,17.2,29.1,0.6,4.4,355.9,0.0,0.7,138.0,0.1,0.3,2.1,0.2,0.0,1.7,54.5,0.2,4.5,10.1,2.2,13.2
D063013,청국장찌개(소고기),144.8,114.4,13.6,5.0,1.9,10.8,1.1,2.9,10211.3,4760.5,5453.8,4.6,1.3,1.3,2.0,1.3,62.7,2.1,49.4,158.9,415.0,319.1,2.2,0.1,0.4,6.8,20.9,1.2,8.8,175.1,0.0,0.7,20.1,0.0,0.2,2.7,0.1,0.0,0.6,34.6,0.3,6.2,20.2,0.8,0.4
D061058,해물잡탕(소고기),116.7,103.1,17.5,2.4,4.0,6.1,1.2,1.9,4400.7,2034.0,5292.1,1.7,0.2,0.5,0.8,0.3,41.0,2.3,33.9,229.3,355.2,843.5,1.8,0.1,0.1,16.3,2.1,3.9,11.0,235.4,0.0,1.6,6.5,0.0,0.1,4.3,0.2,0.1,5.3,24.5,9.2,3.5,116.2,2.1,30.0
