food_code,food_name,energy_qy,water_qy,prot_qy,ntrfs_qy,ashs_qy,carbohydrate_qy,sugar_qy,fibtg_qy,aat19_qy,aae10a_qy,aane_qy,fafref_qy,faessf_qy,fasatf_qy,famsf_qy,fapuf_qy,clci_qy,irn_qy,mg_qy,phph_qy,ptss_qy,na_qy,zn_qy,cu_qy,mn_qy,se_qy,mo_qy,id_qy,rtnl_qy,catn_qy,vitd_qy,vite_qy,vitk1_qy,vtmn_b1_qy,vtmn_b2_qy,nacn_qy,pantac_qy,pyrxn_qy,biot_qy,fol_qy,vitb12_qy,vtmn_c_qy,chole_qy,nacl_qy,ref_qy
D103035,"버섯볶음(양송이버섯, 소고기)",143.8,100.8,7.1,10.6,2.9,6.8,1.8,2.6,5869.4,2740.1,3129.5,9.4,2.2,3.2,3.9,2.3,23.1,1.5,22.9,135.5,399.6,640.3,1.7,0.2,0.1,11.7,4.3,1.3,1.8,468.5,0.0,0.8,5.6,0.0,0.4,3.6,0.7,0.1,3.1,33.0,0.6,2.9,18.9,1.6,0.9
D103036,"버섯볶음(표고버섯, 소고기)",155.8,94.9,7.0,10.8,2.9,12.4,1.3,1.2,4676.6,2227.7,2449.1,9.3,2.1,3.2,3.9,2.2,24.9,1.2,16.3,89.3,336.6,640.9,1.3,0.0,0.1,4.6,3.2,0.9,1.8,468.5,0.0,0.8,5.6,0.0,0.4,1.6,0.0,0.0,1.5,12.0,0.6,2.9,18.9,1.6,0.9
D102015,불고기(소고기),355.4,40.0,15.8,28.9,0.9,4.6,3.1,0.1,14564.7,7127.9,7436.9,24.9,0.9,10.8,12.2,1.0,24.8,2.6,19.4,157.3,247.9,143.2,4.7,0.0,0.2,16.6,1.6,3.4,7.2,17.8,0.0,0.4,6.8,0.0,0.3,4.6,0.1,0.0,2.2,10.8,2.2,1.1,75.5,0.3,1.5
D102016,"불고기(소고기, 배)",314.4,69.9,12.4,23.5,1.4,11.1,8.0,0.8,11489.3,5582.2,5907.7,20.8,1.7,8.4,10.0,1.8,18.1,2.2,21.9,131.5,274.7,276.0,3.5,0.0,0.3,12.7,2.9,2.2,5.4,48.7,0.0,0.5,9.2,0.0,0.3,3.6,0.1,0.0,1.9,13.9,1.7,3.4,56.6,0.7,4.8
D102017,"불고기(소고기, 오징어)",368.4,105.8,24.2,24.0,2.2,11.2,8.0,0.8,11489.3,5582.2,10782.7,21.0,1.7,8.5,10.0,1.9,25.1,2.3,50.4,281.5,454.7,441.0,4.5,0.2,0.3,35.7,2.9,7.2,16.4,48.7,0.0,1.8,9.2,0.0,0.3,8.2,0.3,0.1,5.1,17.4,4.4,3.9,231.6,1.1,4.8
D102018,소고기볶음,363.7,62.2,15.5,28.7,1.4,7.8,3.6,0.6,14051.3,6861.2,7190.1,24.3,1.6,10.3,11.5,1.7,40.0,2.8,21.7,164.4,279.2,236.6,4.4,0.0,0.2,15.9,2.3,3.2,6.8,15.7,0.0,0.5,7.9,0.0,0.4,4.5,0.1,0.0,2.2,13.2,2.1,2.6,70.7,0.6,1.3
D102019,소고기볶음(가지),365.6,71.6,15.6,28.7,1.5,8.2,3.8,0.9,14134.2,6897.3,7236.9,24.3,1.6,10.3,11.5,1.7,41.7,2.8,23.1,167.1,297.1,236.7,4.4,0.0,0.2,15.9,2.7,3.2,6.8,28.2,0.0,0.5,7.9,0.0,0.4,4.6,0.1,0.0,2.5,13.5,2.1,2.6,70.7,0.6,1.3
D102020,소고기볶음(느타리버섯),373.8,66.6,11.0,33.0,1.7,6.4,2.8,1.6,9955.2,4838.2,5043.9,30.2,9.3,9.0,11.1,9.4,15.6,1.7,28.5,130.5,285.7,432.5,3.1,0.0,0.2,14.3,2.8,2.3,4.5,385.3,0.0,1.8,22.6,0.0,0.2,3.8,0.3,0.0,3.6,20.2,1.4,3.5,47.2,1.1,0.5
D102021,소고기볶음(양배추),366.9,71.2,15.7,28.7,1.5,8.6,4.1,0.8,14193.3,6897.6,7295.7,24.3,1.6,10.3,11.5,1.7,44.3,2.8,23.1,168.2,303.2,237.3,4.4,0.0,0.2,16.1,2.8,3.2,6.8,18.0,0.0,0.5,9.3,0.0,0.4,4.6,0.1,0.0,2.2,16.1,2.1,6.6,70.7,0.6,1.3
D102022,소고기볶음(표고버섯),317.6,57.1,13.0,27.0,1.4,4.7,0.5,0.3,11429.2,5575.2,5854.1,24.0,3.9,8.9,10.6,4.0,19.6,2.2,20.3,134.4,263.4,276.3,3.6,0.0,0.0,12.7,2.6,2.3,5.4,26.9,0.0,0.9,9.4,0.0,0.4,3.7,0.1,0.0,1.6,12.5,1.7,1.7,56.6,0.7,0.8
D105006,"잡채(소고기, 느타리)",175.5,80.4,5.4,10.3,2.1,15.5,2.9,1.9,4666.4,2253.4,2143.6,9.4,3.9,2.0,3.4,3.9,33.2,1.3,21.2,72.9,235.8,498.8,1.2,0.0,0.1,5.3,2.7,0.6,1.8,1241.9,0.0,1.2,71.9,0.0,0.0,2.0,0.1,0.0,1.5,31.9,0.3,8.0,14.4,1.3,0.1
D105007,"잡채(소고기, 목이)",257.8,98.9,6.3,16.1,4.2,21.6,0.5,2.7,5676.2,2687.5,2539.4,14.7,4.9,4.0,5.4,5.0,57.0,2.2,34.8,88.6,325.1,1174.4,1.7,0.0,0.5,5.7,5.5,1.6,1.8,1839.5,0.1,1.6,120.2,0.0,0.4,1.7,0.1,0.0,1.0,50.3,0.6,11.8,18.9,2.9,1.1
D105008,"잡채(소고기, 표고)",254.3,99.5,6.8,15.2,5.7,22.9,0.5,2.3,5827.3,2750.9,2627.1,13.7,4.4,3.8,5.2,4.5,54.8,2.3,34.9,94.8,359.6,1605.7,1.7,0.0,0.4,5.6,6.3,1.5,1.8,1839.5,0.0,1.5,119.2,0.0,0.4,1.6,0.2,0.0,1.0,50.4,0.6,11.9,18.9,4.1,1.2
